00111100000000010001000000000001
10001100001010000000000000000000
00111100000000010001000000000001
10001100001010010000000000000100
00111100000000010001000000000001
10001100001010110000000000001000
00100000000010100000000000000010
00000001010010110000100000101010
00010000001000000000000000000101
00000001000010010110000000100000
00000001001000000100000000100000
00000001100000000100100000100000
00100001010010100000000000000001
00001000000100000000000000000111
00111100000000010001000000000001
10101100001011000000000000001100
